config            prefix   n  poss   PPP   TOV   STL  FTA  s/pos  <=8 | oppPPP oppTOV stl/op blow  cont  drv  oppRim opp3 defF | hPPP  AST | TOVcause trans defl strip int | pick
adaptHigh         base     6 189.2 0.98  35.3  30.3 41.3 11.20  57.5 | 0.91  0.217  0.198 0.55 0.07  52  0.37  0.56 16.7 | 1.05 0.45 | 15.2 4.0 4.2 6.2 | 0.0
adaptHigh         final2   6 167.8 1.01  28.7  24.5 23.3 12.67  38.2 | 1.01  0.193  0.171 0.48 0.09  41  0.21  0.64 10.0 | 1.00 0.53 | 4.3 8.5 4.8 5.0 | 2.7
adaptLow          base     6 186.3 1.01  34.7  29.0 37.5 11.40  53.8 | 1.04  0.201  0.183 0.53 0.05  53  0.36  0.55 19.0 | 0.97 0.48 | 13.2 6.0 4.7 4.5 | 0.0
adaptLow          final2   6 166.5 1.08  26.0  22.8 21.5 12.64  40.0 | 1.11  0.176  0.156 0.51 0.07  38  0.20  0.66 11.7 | 1.05 0.52 | 6.7 7.3 3.7 3.7 | 1.3
coachA            base     6 200.2 0.97  38.2  31.5 36.7 11.03  63.8 | 1.10  0.167  0.139 0.58 0.03  68  0.34  0.52 25.3 | 0.83 0.52 | 9.8 6.5 7.7 4.8 | 0.0
coachA            final2   6 174.0 0.90  31.2  25.8 22.2 12.80  42.8 | 0.90  0.175  0.142 0.61 0.01  54  0.19  0.58 19.2 | 0.90 0.50 | 2.7 8.3 7.8 6.2 | 0.3
coachA_creation   base     6 200.5 1.07  34.3  28.3 41.2 10.98  63.3 | 1.16  0.153  0.132 0.56 0.03  74  0.39  0.50 24.8 | 0.99 0.56 | 10.2 7.8 3.7 6.7 | 0.0
coachA_creation   final2   6 175.5 0.96  26.7  23.0 15.0 12.65  45.2 | 1.06  0.145  0.120 0.65 0.00  61  0.24  0.55 15.8 | 0.85 0.51 | 2.5 6.8 5.3 7.3 | 0.2
coachA_interior   base     6 198.0 0.91  41.8  33.2 46.8 11.26  57.0 | 1.07  0.172  0.133 0.56 0.04  67  0.38  0.54 25.5 | 0.76 0.46 | 10.2 8.0 7.3 5.5 | 0.0
coachA_interior   final2   6 177.3 0.95  31.2  26.7 32.7 12.59  42.8 | 1.10  0.153  0.128 0.66 0.01  57  0.25  0.52 22.2 | 0.80 0.44 | 2.3 7.7 6.3 8.3 | 0.2
coachB            base     6 177.7 1.00  33.2  27.8 29.5 12.31  30.2 | 1.04  0.172  0.148 0.28 0.13  56  0.28  0.59 19.0 | 0.96 0.60 | 7.7 6.5 6.5 5.8 | 0.0
coachB            final2   6 155.8 0.94  23.8  21.7 17.7 13.85  28.5 | 1.02  0.139  0.130 0.22 0.16  39  0.20  0.61 12.2 | 0.86 0.56 | 1.2 8.3 4.2 7.0 | 4.8
coachC            base     6 178.3 1.06  26.5  21.8 27.2 11.80  52.0 | 1.14  0.144  0.124 0.49 0.06  68  0.32  0.54 17.7 | 0.98 0.53 | 4.3 4.8 6.3 4.7 | 0.0
coachC            final2   6 161.5 1.00  26.0  23.3 15.8 13.14  34.5 | 1.01  0.163  0.150 0.39 0.10  55  0.24  0.57 10.8 | 0.99 0.55 | 1.2 7.8 5.7 7.8 | 4.2
covBlitz          base     6 184.5 1.00  32.7  27.2 27.2 11.42  53.3 | 0.97  0.172  0.147 0.52 0.07  67  0.34  0.54 16.3 | 1.03 0.53 | 7.0 6.0 6.0 5.0 | 0.0
covBlitz          final2   6 165.2 0.95  27.5  22.8 18.5 12.98  34.5 | 0.96  0.174  0.147 0.47 0.06  46  0.19  0.62 11.8 | 0.94 0.59 | 1.5 7.8 6.2 7.2 | 1.3
covDrop           base     6 180.3 1.03  27.5  23.3 28.7 11.74  53.3 | 0.97  0.171  0.136 0.48 0.08  72  0.35  0.52 17.7 | 1.09 0.56 | 7.5 4.5 5.3 4.0 | 0.0
covDrop           final2   6 171.3 0.95  27.5  23.7 22.3 12.78  38.7 | 0.97  0.168  0.145 0.45 0.06  54  0.22  0.55 17.0 | 0.93 0.51 | 1.0 9.3 5.2 6.8 | 2.0
covHedge          base     6 176.2 1.03  28.5  24.8 31.8 12.05  47.7 | 1.08  0.144  0.123 0.51 0.05  67  0.33  0.54 17.8 | 0.98 0.55 | 6.2 5.7 5.5 4.7 | 0.0
covHedge          final2   6 161.3 1.00  24.7  22.0 17.0 13.21  36.8 | 1.00  0.174  0.151 0.40 0.09  50  0.21  0.60 13.8 | 1.01 0.54 | 1.8 8.0 4.3 6.3 | 2.7
covSwitch         base     6 180.8 1.01  28.5  23.3 30.5 11.73  50.7 | 1.02  0.154  0.128 0.42 0.12  66  0.26  0.60 16.8 | 1.00 0.59 | 6.0 6.8 4.8 4.5 | 0.0
covSwitch         final2   6 160.8 0.99  21.7  19.5 17.3 13.31  35.8 | 0.94  0.142  0.127 0.43 0.05  51  0.17  0.64 11.3 | 1.05 0.54 | 1.0 8.0 5.8 4.2 | 1.7
familiarityHigh   base     6 187.2 1.02  28.2  23.5 33.2 11.57  56.0 | 1.14  0.118  0.102 0.48 0.07  67  0.33  0.55 20.5 | 0.90 0.56 | 6.2 5.0 5.3 5.0 | 0.0
familiarityHigh   final2   6 164.7 1.01  24.8  21.7 12.8 12.86  36.2 | 1.01  0.159  0.140 0.42 0.07  51  0.20  0.63 10.3 | 1.01 0.59 | 1.7 7.7 5.2 5.5 | 1.7
familiarityLow    base     6 183.2 0.98  27.5  23.3 30.7 11.89  51.5 | 1.03  0.166  0.135 0.48 0.07  69  0.32  0.55 18.8 | 0.93 0.52 | 5.5 4.0 6.2 5.5 | 0.0
familiarityLow    final2   6 169.3 1.08  25.2  21.8 24.8 12.83  36.7 | 1.11  0.150  0.126 0.39 0.06  53  0.22  0.59 12.7 | 1.05 0.52 | 1.0 7.7 4.8 6.2 | 2.3
helpHigh          base     6 181.8 1.07  29.8  23.5 27.3 11.53  54.3 | 1.07  0.154  0.123 0.46 0.08  69  0.32  0.54 17.7 | 1.07 0.58 | 6.5 5.2 5.8 4.3 | 0.0
helpHigh          final2   6 163.7 0.99  26.5  22.0 26.0 13.18  31.8 | 1.11  0.158  0.129 0.39 0.08  50  0.24  0.59 16.8 | 0.87 0.58 | 1.8 7.7 5.7 5.8 | 1.8
helpLow           base     6 186.0 0.98  32.5  26.5 31.3 11.61  49.5 | 1.02  0.145  0.120 0.51 0.06  71  0.33  0.55 18.0 | 0.94 0.55 | 7.7 6.2 5.7 6.2 | 0.0
helpLow           final2   6 161.3 0.94  25.3  21.8 14.0 13.33  35.2 | 1.05  0.143  0.120 0.45 0.06  57  0.27  0.52 13.3 | 0.84 0.54 | 2.3 8.2 4.3 5.7 | 1.8
helpMid           base     6 181.3 1.03  29.7  23.8 29.3 11.72  53.0 | 1.08  0.136  0.114 0.50 0.05  71  0.35  0.54 18.2 | 0.99 0.57 | 5.7 3.5 6.3 5.5 | 0.0
helpMid           final2   6 166.7 0.97  25.2  22.2 18.3 12.88  36.2 | 1.00  0.143  0.119 0.38 0.11  55  0.18  0.59 14.5 | 0.93 0.56 | 0.8 8.2 4.5 6.7 | 3.3
neutral           base     6 186.0 1.00  30.7  25.5 33.3 11.41  52.3 | 1.06  0.154  0.116 0.47 0.10  68  0.28  0.58 20.0 | 0.94 0.59 | 6.8 6.5 6.2 4.2 | 0.0
neutral           final2   6 163.2 1.00  25.7  22.5 14.7 13.10  34.0 | 1.01  0.162  0.143 0.40 0.08  51  0.18  0.62 13.3 | 1.00 0.55 | 0.7 8.0 5.7 7.3 | 3.2
oppCreation       base     6 187.8 1.01  32.0  27.7 36.0 11.25  59.7 | 1.02  0.190  0.162 0.52 0.06  54  0.34  0.59 15.3 | 1.00 0.53 | 12.2 5.2 4.2 4.2 | 0.0
oppCreation       final2   6 170.8 1.05  28.0  24.8 27.7 12.36  42.0 | 1.00  0.174  0.152 0.53 0.05  47  0.24  0.60 12.7 | 1.10 0.45 | 5.0 9.5 4.7 5.3 | 1.3
oppDefense        base     6 169.0 0.94  31.0  25.3 16.3 12.70  31.7 | 0.91  0.166  0.125 0.40 0.09  57  0.19  0.66 13.8 | 0.97 0.64 | 4.8 5.8 6.8 5.2 | 0.0
oppDefense        final2   6 159.7 0.85  24.8  22.2 11.7 13.59  29.3 | 0.75  0.144  0.115 0.35 0.09  47  0.10  0.69  9.0 | 0.95 0.57 | 1.2 6.0 7.5 6.3 | 2.7
planInside        base     6 180.0 0.99  31.0  25.7 19.3 11.75  54.0 | 1.03  0.171  0.135 0.46 0.10  62  0.28  0.60 13.3 | 0.95 0.54 | 6.0 7.0 5.5 5.3 | 0.0
planInside        final2   6 170.2 0.91  30.5  25.2 24.2 12.68  45.2 | 0.99  0.176  0.144 0.44 0.06  52  0.23  0.58 12.7 | 0.83 0.49 | 1.3 6.0 7.0 9.0 | 2.0
planPush          base     6 195.2 0.99  30.2  24.2 43.0 11.08  67.0 | 1.03  0.149  0.125 0.59 0.05  75  0.41  0.47 20.7 | 0.96 0.46 | 6.7 4.2 6.2 4.7 | 0.0
planPush          final2   6 169.5 0.89  28.8  24.5 21.0 12.71  44.0 | 0.96  0.152  0.132 0.60 0.02  59  0.27  0.51 16.7 | 0.82 0.49 | 1.3 8.7 6.5 6.3 | 0.5
planSpread        base     6 177.0 1.04  29.2  25.5 27.2 11.91  43.8 | 1.08  0.130  0.113 0.50 0.08  65  0.34  0.55 17.3 | 1.00 0.59 | 5.7 7.8 5.3 4.3 | 0.0
planSpread        final2   6 159.2 0.98  24.0  19.8 16.8 13.48  28.3 | 1.05  0.172  0.145 0.39 0.08  49  0.23  0.58 14.0 | 0.91 0.58 | 1.3 8.7 3.8 4.8 | 1.8
pressureHigh      base     6 186.3 1.05  29.5  24.8 37.7 11.33  56.8 | 1.17  0.109  0.093 0.60 0.02  73  0.40  0.46 23.0 | 0.93 0.53 | 7.8 5.5 5.5 4.2 | 0.0
pressureHigh      final2   6 172.5 0.97  27.0  22.3 34.8 12.69  43.0 | 0.99  0.159  0.139 0.58 0.03  61  0.22  0.56 21.8 | 0.96 0.49 | 2.3 8.3 5.7 4.5 | 1.0
pressureHighDef   base     6 178.8 0.92  30.7  26.0 23.0 11.99  49.7 | 1.01  0.183  0.157 0.54 0.12  65  0.27  0.60 17.7 | 0.84 0.60 | 5.7 6.5 6.8 4.3 | 0.0
pressureHighDef   final2   6 160.7 0.90  24.5  20.8  9.2 13.40  35.7 | 0.88  0.159  0.143 0.61 0.02  46  0.14  0.59 11.5 | 0.92 0.58 | 1.5 6.8 5.7 5.3 | 0.7
pressureHighVsCreation base     6 190.3 1.09  36.3  31.0 53.0 11.08  52.0 | 1.11  0.179  0.160 0.64 0.02  55  0.37  0.56 25.8 | 1.07 0.46 | 12.8 5.8 6.5 5.2 | 0.0
pressureHighVsCreation final2   6 169.5 1.03  27.8  24.8 24.8 12.41  43.7 | 0.94  0.170  0.152 0.70 0.01  47  0.26  0.57 16.5 | 1.11 0.45 | 4.7 8.3 4.5 4.8 | 0.5
pressureLow       base     6 178.2 0.98  27.7  22.8 24.2 11.92  44.7 | 1.04  0.141  0.115 0.23 0.10  62  0.31  0.54 15.8 | 0.92 0.57 | 5.8 5.5 6.2 4.5 | 0.0
pressureLow       final2   6 158.2 0.96  26.2  21.3 13.7 13.56  30.3 | 0.99  0.152  0.123 0.17 0.13  45  0.22  0.58 13.0 | 0.92 0.52 | 1.5 8.5 3.8 6.7 | 3.7
pressureLowDef    base     6 171.0 0.93  30.0  24.3 12.8 12.57  35.2 | 1.00  0.180  0.152 0.27 0.26  51  0.12  0.73  8.5 | 0.86 0.67 | 6.3 6.8 5.7 5.0 | 0.0
pressureLowDef    final2   6 155.0 0.88  23.5  19.3  7.7 13.99  28.5 | 0.97  0.175  0.142 0.17 0.31  41  0.08  0.72  8.8 | 0.78 0.62 | 1.2 6.5 4.0 6.5 | 9.2
pressureLowVsCreation base     6 190.2 1.03  38.3  34.7 33.5 11.29  50.2 | 0.97  0.250  0.232 0.38 0.07  49  0.34  0.59 16.8 | 1.09 0.53 | 14.8 8.2 5.3 5.0 | 0.0
pressureLowVsCreation final2   6 168.0 1.07  28.5  25.2 23.8 12.57  39.5 | 1.08  0.187  0.167 0.32 0.10  37  0.23  0.66 13.0 | 1.06 0.48 | 6.2 9.3 3.5 5.3 | 2.3
pressureMid       base     6 181.3 1.03  29.7  23.8 29.3 11.72  53.0 | 1.08  0.136  0.114 0.50 0.05  71  0.35  0.54 18.2 | 0.99 0.57 | 5.7 3.5 6.3 5.5 | 0.0
pressureMid       final2   6 166.7 0.97  25.2  22.2 18.3 12.88  36.2 | 1.00  0.143  0.119 0.38 0.11  55  0.18  0.59 14.5 | 0.93 0.56 | 0.8 8.2 4.5 6.7 | 3.3
rosterCreation    base     6 192.5 1.05  34.7  29.7 36.8 10.91  59.2 | 1.12  0.148  0.122 0.45 0.01  68  0.32  0.53 19.3 | 0.98 0.51 | 14.8 5.2 3.5 4.8 | 0.0
rosterCreation    final2   6 168.8 1.04  24.3  21.5 21.3 12.84  41.7 | 1.10  0.133  0.117 0.40 0.02  58  0.24  0.52 16.0 | 0.98 0.56 | 4.5 6.7 2.8 6.8 | 0.8
rosterDefense     base     6 170.8 0.93  30.2  26.0 20.5 12.63  41.5 | 0.97  0.180  0.162 0.47 0.18  58  0.19  0.68 14.5 | 0.89 0.62 | 4.0 8.3 6.3 5.3 | 0.0
rosterDefense     final2   6 150.7 0.91  26.3  21.8  9.5 14.38  28.0 | 0.97  0.157  0.129 0.42 0.14  48  0.13  0.65  9.2 | 0.84 0.64 | 1.0 9.3 4.5 6.2 | 3.2
rosterInterior    base     6 175.3 0.90  31.8  26.3 24.3 12.22  45.0 | 1.00  0.144  0.118 0.46 0.03  64  0.36  0.52 16.5 | 0.81 0.49 | 6.7 5.8 5.3 5.7 | 0.0
rosterInterior    final2   6 156.8 0.93  27.5  22.7 17.5 13.74  29.7 | 1.00  0.142  0.113 0.42 0.05  47  0.21  0.60 10.0 | 0.85 0.48 | 2.2 7.2 4.7 6.8 | 0.8
