config            prefix   n  poss   PPP   TOV   STL  FTA  s/pos  <=8 | oppPPP oppTOV stl/op blow  cont  drv  oppRim opp3 defF | hPPP  AST | TOVcause trans defl strip int | pick
adaptHigh         base     6 189.2 0.98  35.3  30.3 41.3 11.20  57.5 | 0.91  0.217  0.198 0.55 0.07  52  0.37  0.56 16.7 | 1.05 0.45 | 15.2 4.0 4.2 6.2 | 0.0
adaptHigh         final    6 166.2 1.01  28.3  24.0 18.3 12.76  38.5 | 1.06  0.195  0.165 0.49 0.07  41  0.21  0.64 10.8 | 0.96 0.51 | 4.8 7.3 5.0 5.2 | 1.7
adaptLow          base     6 186.3 1.01  34.7  29.0 37.5 11.40  53.8 | 1.04  0.201  0.183 0.53 0.05  53  0.36  0.55 19.0 | 0.97 0.48 | 13.2 6.0 4.7 4.5 | 0.0
adaptLow          final    6 171.2 1.06  28.2  24.7 22.3 12.59  41.3 | 1.05  0.183  0.160 0.49 0.07  40  0.20  0.65 13.0 | 1.07 0.50 | 6.8 7.7 4.5 4.3 | 1.3
coachA            base     6 200.2 0.97  38.2  31.5 36.7 11.03  63.8 | 1.10  0.167  0.139 0.58 0.03  68  0.34  0.52 25.3 | 0.83 0.52 | 9.8 6.5 7.7 4.8 | 0.0
coachA            final    6 173.8 0.93  29.2  24.0 21.8 12.80  42.7 | 0.94  0.154  0.121 0.60 0.02  55  0.17  0.58 17.8 | 0.91 0.52 | 2.8 8.2 8.0 4.7 | 0.3
coachA_creation   base     6 200.5 1.07  34.3  28.3 41.2 10.98  63.3 | 1.16  0.153  0.132 0.56 0.03  74  0.39  0.50 24.8 | 0.99 0.56 | 10.2 7.8 3.7 6.7 | 0.0
coachA_creation   final    6 176.0 0.96  27.3  23.7 14.7 12.61  45.7 | 1.09  0.143  0.120 0.67 0.00  61  0.25  0.53 16.2 | 0.84 0.50 | 2.5 7.3 5.0 7.5 | 0.2
coachA_interior   base     6 198.0 0.91  41.8  33.2 46.8 11.26  57.0 | 1.07  0.172  0.133 0.56 0.04  67  0.38  0.54 25.5 | 0.76 0.46 | 10.2 8.0 7.3 5.5 | 0.0
coachA_interior   final    6 178.8 0.92  33.2  28.8 33.2 12.52  44.2 | 1.08  0.161  0.136 0.63 0.02  57  0.27  0.53 22.7 | 0.76 0.42 | 2.2 8.8 6.7 9.0 | 0.3
coachB            base     6 177.7 1.00  33.2  27.8 29.5 12.31  30.2 | 1.04  0.172  0.148 0.28 0.13  56  0.28  0.59 19.0 | 0.96 0.60 | 7.7 6.5 6.5 5.8 | 0.0
coachB            final    6 161.2 0.95  24.2  21.8 19.0 13.70  30.3 | 0.99  0.155  0.147 0.21 0.14  39  0.19  0.62 11.7 | 0.90 0.55 | 0.8 8.0 5.0 7.0 | 4.3
coachC            base     6 178.3 1.06  26.5  21.8 27.2 11.80  52.0 | 1.14  0.144  0.124 0.49 0.06  68  0.32  0.54 17.7 | 0.98 0.53 | 4.3 4.8 6.3 4.7 | 0.0
coachC            final    6 161.2 1.01  25.0  22.5 15.8 13.16  35.2 | 1.02  0.155  0.147 0.40 0.10  55  0.23  0.58 11.2 | 1.01 0.55 | 0.8 7.2 5.8 7.7 | 4.2
covBlitz          base     6 184.5 1.00  32.7  27.2 27.2 11.42  53.3 | 0.97  0.172  0.147 0.52 0.07  67  0.34  0.54 16.3 | 1.03 0.53 | 7.0 6.0 6.0 5.0 | 0.0
covBlitz          final    6 164.3 0.97  27.5  22.7 16.5 13.03  33.7 | 0.96  0.179  0.146 0.43 0.07  45  0.16  0.64 10.8 | 0.97 0.60 | 1.5 8.0 5.8 7.5 | 1.8
covDrop           base     6 180.3 1.03  27.5  23.3 28.7 11.74  53.3 | 0.97  0.171  0.136 0.48 0.08  72  0.35  0.52 17.7 | 1.09 0.56 | 7.5 4.5 5.3 4.0 | 0.0
covDrop           final    6 172.2 0.97  27.3  23.5 23.7 12.70  39.5 | 1.02  0.161  0.140 0.46 0.05  54  0.22  0.54 17.0 | 0.92 0.52 | 1.3 9.0 5.0 7.0 | 1.7
covHedge          base     6 176.2 1.03  28.5  24.8 31.8 12.05  47.7 | 1.08  0.144  0.123 0.51 0.05  67  0.33  0.54 17.8 | 0.98 0.55 | 6.2 5.7 5.5 4.7 | 0.0
covHedge          final    6 169.8 0.98  26.8  23.7 15.7 13.06  40.3 | 1.04  0.152  0.137 0.40 0.08  55  0.21  0.58 13.2 | 0.92 0.55 | 1.5 9.3 4.7 5.8 | 2.2
covSwitch         base     6 180.8 1.01  28.5  23.3 30.5 11.73  50.7 | 1.02  0.154  0.128 0.42 0.12  66  0.26  0.60 16.8 | 1.00 0.59 | 6.0 6.8 4.8 4.5 | 0.0
covSwitch         final    6 163.3 0.97  24.2  22.0 16.8 13.11  34.7 | 0.90  0.164  0.152 0.41 0.06  51  0.15  0.64 13.0 | 1.03 0.54 | 0.7 11.0 5.0 4.7 | 1.8
familiarityHigh   base     6 187.2 1.02  28.2  23.5 33.2 11.57  56.0 | 1.14  0.118  0.102 0.48 0.07  67  0.33  0.55 20.5 | 0.90 0.56 | 6.2 5.0 5.3 5.0 | 0.0
familiarityHigh   final    6 165.0 1.00  25.0  21.8 13.0 12.83  36.2 | 1.00  0.158  0.140 0.42 0.07  51  0.20  0.63 10.3 | 1.00 0.59 | 1.7 7.7 5.3 5.5 | 1.7
familiarityLow    base     6 183.2 0.98  27.5  23.3 30.7 11.89  51.5 | 1.03  0.166  0.135 0.48 0.07  69  0.32  0.55 18.8 | 0.93 0.52 | 5.5 4.0 6.2 5.5 | 0.0
familiarityLow    final    6 165.2 1.08  24.3  21.0 23.2 12.85  37.0 | 1.10  0.155  0.129 0.37 0.06  52  0.22  0.59 13.5 | 1.07 0.52 | 0.8 7.5 4.7 6.0 | 2.0
helpHigh          base     6 181.8 1.07  29.8  23.5 27.3 11.53  54.3 | 1.07  0.154  0.123 0.46 0.08  69  0.32  0.54 17.7 | 1.07 0.58 | 6.5 5.2 5.8 4.3 | 0.0
helpHigh          final    6 162.7 0.99  26.0  21.2 21.3 13.23  30.3 | 1.10  0.156  0.128 0.35 0.09  50  0.23  0.61 16.5 | 0.88 0.58 | 1.8 7.3 5.8 5.3 | 2.2
helpLow           base     6 186.0 0.98  32.5  26.5 31.3 11.61  49.5 | 1.02  0.145  0.120 0.51 0.06  71  0.33  0.55 18.0 | 0.94 0.55 | 7.7 6.2 5.7 6.2 | 0.0
helpLow           final    6 161.3 0.94  25.3  21.8 14.0 13.33  35.2 | 1.05  0.143  0.120 0.45 0.06  57  0.27  0.52 13.3 | 0.84 0.54 | 2.3 8.2 4.3 5.7 | 1.8
helpMid           base     6 181.3 1.03  29.7  23.8 29.3 11.72  53.0 | 1.08  0.136  0.114 0.50 0.05  71  0.35  0.54 18.2 | 0.99 0.57 | 5.7 3.5 6.3 5.5 | 0.0
helpMid           final    6 170.5 0.97  27.2  23.3 20.8 12.88  36.0 | 1.00  0.157  0.128 0.36 0.10  56  0.18  0.61 14.5 | 0.93 0.59 | 0.7 9.0 4.0 7.2 | 3.3
neutral           base     6 186.0 1.00  30.7  25.5 33.3 11.41  52.3 | 1.06  0.154  0.116 0.47 0.10  68  0.28  0.58 20.0 | 0.94 0.59 | 6.8 6.5 6.2 4.2 | 0.0
neutral           final    6 166.7 0.96  28.7  26.0 14.0 12.86  34.3 | 0.95  0.184  0.168 0.38 0.08  50  0.15  0.64 13.0 | 0.98 0.54 | 0.5 10.5 5.7 7.8 | 2.8
oppCreation       base     6 187.8 1.01  32.0  27.7 36.0 11.25  59.7 | 1.02  0.190  0.162 0.52 0.06  54  0.34  0.59 15.3 | 1.00 0.53 | 12.2 5.2 4.2 4.2 | 0.0
oppCreation       final    6 171.2 1.04  27.2  24.7 25.0 12.32  43.0 | 0.99  0.173  0.158 0.52 0.04  47  0.25  0.60 11.8 | 1.09 0.47 | 5.2 9.3 4.5 5.2 | 1.2
oppDefense        base     6 169.0 0.94  31.0  25.3 16.3 12.70  31.7 | 0.91  0.166  0.125 0.40 0.09  57  0.19  0.66 13.8 | 0.97 0.64 | 4.8 5.8 6.8 5.2 | 0.0
oppDefense        final    6 159.3 0.81  26.2  23.7  9.0 13.66  28.7 | 0.78  0.136  0.115 0.34 0.10  46  0.10  0.70  8.2 | 0.85 0.58 | 0.8 7.5 7.5 6.0 | 3.2
planInside        base     6 180.0 0.99  31.0  25.7 19.3 11.75  54.0 | 1.03  0.171  0.135 0.46 0.10  62  0.28  0.60 13.3 | 0.95 0.54 | 6.0 7.0 5.5 5.3 | 0.0
planInside        final    6 170.2 0.91  30.5  25.2 24.2 12.68  45.2 | 0.99  0.176  0.144 0.44 0.06  52  0.23  0.58 12.7 | 0.83 0.49 | 1.3 6.0 7.0 9.0 | 2.0
planPush          base     6 195.2 0.99  30.2  24.2 43.0 11.08  67.0 | 1.03  0.149  0.125 0.59 0.05  75  0.41  0.47 20.7 | 0.96 0.46 | 6.7 4.2 6.2 4.7 | 0.0
planPush          final    6 168.2 0.90  28.7  24.8 20.8 12.81  43.2 | 0.98  0.151  0.135 0.60 0.03  59  0.27  0.51 16.8 | 0.82 0.49 | 1.3 9.0 6.5 6.2 | 0.7
planSpread        base     6 177.0 1.04  29.2  25.5 27.2 11.91  43.8 | 1.08  0.130  0.113 0.50 0.08  65  0.34  0.55 17.3 | 1.00 0.59 | 5.7 7.8 5.3 4.3 | 0.0
planSpread        final    6 158.8 0.99  23.5  19.0 19.8 13.48  28.0 | 1.04  0.172  0.141 0.38 0.08  50  0.23  0.58 14.8 | 0.95 0.58 | 1.0 8.3 4.0 4.2 | 2.0
pressureHigh      base     6 186.3 1.05  29.5  24.8 37.7 11.33  56.8 | 1.17  0.109  0.093 0.60 0.02  73  0.40  0.46 23.0 | 0.93 0.53 | 7.8 5.5 5.5 4.2 | 0.0
pressureHigh      final    6 167.5 0.99  25.8  21.7 28.8 12.72  42.3 | 1.01  0.164  0.142 0.61 0.03  58  0.21  0.56 21.3 | 0.97 0.48 | 2.0 7.7 4.7 5.5 | 1.0
pressureHighDef   base     6 178.8 0.92  30.7  26.0 23.0 11.99  49.7 | 1.01  0.183  0.157 0.54 0.12  65  0.27  0.60 17.7 | 0.84 0.60 | 5.7 6.5 6.8 4.3 | 0.0
pressureHighDef   final    6 161.7 0.88  24.8  21.5 10.2 13.34  35.5 | 0.85  0.157  0.144 0.60 0.02  47  0.15  0.58 12.0 | 0.91 0.57 | 1.5 7.2 5.8 5.0 | 0.5
pressureHighVsCreation base     6 190.3 1.09  36.3  31.0 53.0 11.08  52.0 | 1.11  0.179  0.160 0.64 0.02  55  0.37  0.56 25.8 | 1.07 0.46 | 12.8 5.8 6.5 5.2 | 0.0
pressureHighVsCreation final    6 171.2 1.04  27.3  24.2 23.5 12.24  44.2 | 0.94  0.186  0.160 0.68 0.01  48  0.27  0.54 18.2 | 1.13 0.43 | 6.2 7.5 4.7 4.5 | 0.2
pressureLow       base     6 178.2 0.98  27.7  22.8 24.2 11.92  44.7 | 1.04  0.141  0.115 0.23 0.10  62  0.31  0.54 15.8 | 0.92 0.57 | 5.8 5.5 6.2 4.5 | 0.0
pressureLow       final    6 164.0 0.99  27.3  22.3 17.0 13.30  30.5 | 1.02  0.157  0.126 0.18 0.12  45  0.21  0.58 12.8 | 0.97 0.53 | 1.3 9.3 3.8 7.2 | 3.3
pressureLowDef    base     6 171.0 0.93  30.0  24.3 12.8 12.57  35.2 | 1.00  0.180  0.152 0.27 0.26  51  0.12  0.73  8.5 | 0.86 0.67 | 6.3 6.8 5.7 5.0 | 0.0
pressureLowDef    final    6 155.0 0.88  23.5  19.3  7.7 13.99  28.5 | 0.97  0.175  0.142 0.17 0.31  41  0.08  0.72  8.8 | 0.78 0.62 | 1.2 6.5 4.0 6.5 | 9.2
pressureLowVsCreation base     6 190.2 1.03  38.3  34.7 33.5 11.29  50.2 | 0.97  0.250  0.232 0.38 0.07  49  0.34  0.59 16.8 | 1.09 0.53 | 14.8 8.2 5.3 5.0 | 0.0
pressureLowVsCreation final    6 168.8 1.07  28.3  24.7 24.5 12.52  40.0 | 1.08  0.182  0.164 0.33 0.10  37  0.23  0.66 12.8 | 1.06 0.47 | 6.3 8.8 4.2 4.8 | 2.3
pressureMid       base     6 181.3 1.03  29.7  23.8 29.3 11.72  53.0 | 1.08  0.136  0.114 0.50 0.05  71  0.35  0.54 18.2 | 0.99 0.57 | 5.7 3.5 6.3 5.5 | 0.0
pressureMid       final    6 170.5 0.97  27.2  23.3 20.8 12.88  36.0 | 1.00  0.157  0.128 0.36 0.10  56  0.18  0.61 14.5 | 0.93 0.59 | 0.7 9.0 4.0 7.2 | 3.3
rosterCreation    base     6 192.5 1.05  34.7  29.7 36.8 10.91  59.2 | 1.12  0.148  0.122 0.45 0.01  68  0.32  0.53 19.3 | 0.98 0.51 | 14.8 5.2 3.5 4.8 | 0.0
rosterCreation    final    6 168.5 1.04  25.0  22.2 21.2 12.90  41.5 | 1.10  0.139  0.123 0.39 0.02  56  0.23  0.53 16.2 | 0.98 0.57 | 4.5 7.8 2.8 6.3 | 0.8
rosterDefense     base     6 170.8 0.93  30.2  26.0 20.5 12.63  41.5 | 0.97  0.180  0.162 0.47 0.18  58  0.19  0.68 14.5 | 0.89 0.62 | 4.0 8.3 6.3 5.3 | 0.0
rosterDefense     final    6 150.7 0.91  26.3  21.8  9.5 14.38  28.0 | 0.97  0.157  0.129 0.42 0.14  48  0.13  0.65  9.2 | 0.84 0.64 | 1.0 9.3 4.5 6.2 | 3.2
rosterInterior    base     6 175.3 0.90  31.8  26.3 24.3 12.22  45.0 | 1.00  0.144  0.118 0.46 0.03  64  0.36  0.52 16.5 | 0.81 0.49 | 6.7 5.8 5.3 5.7 | 0.0
rosterInterior    final    6 158.0 0.94  26.3  21.7 18.0 13.62  31.3 | 1.00  0.147  0.120 0.43 0.05  46  0.20  0.61 10.5 | 0.87 0.47 | 1.8 6.8 5.2 5.8 | 0.8
